Please input the goal state in the form (x,y).
             Remember the max size is 16x8.
0000000010001111
0000000010000000
0002000010000000
0000000010000000
0001111000001000
0000000000001000
0000000000001000
0000000000001000
Here
2 3 2
1 3 3
2 2 3
3 3 3
2 4 3
0 0 0 0 0 0 0 0 1 0 0 0 1 1 1 1 
0 0 0 3 0 0 0 0 1 0 0 0 0 0 0 0 
0 0 3 2 3 0 0 0 1 0 0 0 0 0 0 0 
0 0 0 3 0 0 0 0 1 0 0 0 0 0 0 0 
0 0 0 1 1 1 1 0 0 0 0 0 1 0 0 0 
0 0 0 0 0 0 0 0 0 0 0 0 1 0 0 0 
0 0 0 0 0 0 0 0 0 0 0 0 1 0 0 0 
0 0 0 0 0 0 0 0 0 0 0 0 1 0 0 0 


Here
1 3 3
2 2 3
3 3 3
0 3 4
1 2 4
1 4 4
0 0 0 4 0 0 0 0 1 0 0 0 1 1 1 1 
0 0 4 3 4 0 0 0 1 0 0 0 0 0 0 0 
0 0 3 2 3 0 0 0 1 0 0 0 0 0 0 0 
0 0 0 3 0 0 0 0 1 0 0 0 0 0 0 0 
0 0 0 1 1 1 1 0 0 0 0 0 1 0 0 0 
0 0 0 0 0 0 0 0 0 0 0 0 1 0 0 0 
0 0 0 0 0 0 0 0 0 0 0 0 1 0 0 0 
0 0 0 0 0 0 0 0 0 0 0 0 1 0 0 0 


Here
2 2 3
3 3 3
0 3 4
1 2 4
2 1 4
3 2 4
0 0 0 4 0 0 0 0 1 0 0 0 1 1 1 1 
0 0 4 3 4 0 0 0 1 0 0 0 0 0 0 0 
0 4 3 2 3 0 0 0 1 0 0 0 0 0 0 0 
0 0 4 3 0 0 0 0 1 0 0 0 0 0 0 0 
0 0 0 1 1 1 1 0 0 0 0 0 1 0 0 0 
0 0 0 0 0 0 0 0 0 0 0 0 1 0 0 0 
0 0 0 0 0 0 0 0 0 0 0 0 1 0 0 0 
0 0 0 0 0 0 0 0 0 0 0 0 1 0 0 0 


Here
3 3 3
0 3 4
1 2 4
2 1 4
3 4 4
0 0 0 4 0 0 0 0 1 0 0 0 1 1 1 1 
0 0 4 3 4 0 0 0 1 0 0 0 0 0 0 0 
0 4 3 2 3 0 0 0 1 0 0 0 0 0 0 0 
0 0 4 3 4 0 0 0 1 0 0 0 0 0 0 0 
0 0 0 1 1 1 1 0 0 0 0 0 1 0 0 0 
0 0 0 0 0 0 0 0 0 0 0 0 1 0 0 0 
0 0 0 0 0 0 0 0 0 0 0 0 1 0 0 0 
0 0 0 0 0 0 0 0 0 0 0 0 1 0 0 0 


Here
0 3 4
1 2 4
2 1 4
0 2 5
0 4 5
0 0 5 4 5 0 0 0 1 0 0 0 1 1 1 1 
0 0 4 3 4 0 0 0 1 0 0 0 0 0 0 0 
0 4 3 2 3 0 0 0 1 0 0 0 0 0 0 0 
0 0 4 3 4 0 0 0 1 0 0 0 0 0 0 0 
0 0 0 1 1 1 1 0 0 0 0 0 1 0 0 0 
0 0 0 0 0 0 0 0 0 0 0 0 1 0 0 0 
0 0 0 0 0 0 0 0 0 0 0 0 1 0 0 0 
0 0 0 0 0 0 0 0 0 0 0 0 1 0 0 0 


Here
1 2 4
2 1 4
0 2 5
1 1 5
0 0 5 4 5 0 0 0 1 0 0 0 1 1 1 1 
0 5 4 3 4 0 0 0 1 0 0 0 0 0 0 0 
0 4 3 2 3 0 0 0 1 0 0 0 0 0 0 0 
0 0 4 3 4 0 0 0 1 0 0 0 0 0 0 0 
0 0 0 1 1 1 1 0 0 0 0 0 1 0 0 0 
0 0 0 0 0 0 0 0 0 0 0 0 1 0 0 0 
0 0 0 0 0 0 0 0 0 0 0 0 1 0 0 0 
0 0 0 0 0 0 0 0 0 0 0 0 1 0 0 0 


Here
2 1 4
0 2 5
2 0 5
3 1 5
0 0 5 4 5 0 0 0 1 0 0 0 1 1 1 1 
0 5 4 3 4 0 0 0 1 0 0 0 0 0 0 0 
5 4 3 2 3 0 0 0 1 0 0 0 0 0 0 0 
0 5 4 3 4 0 0 0 1 0 0 0 0 0 0 0 
0 0 0 1 1 1 1 0 0 0 0 0 1 0 0 0 
0 0 0 0 0 0 0 0 0 0 0 0 1 0 0 0 
0 0 0 0 0 0 0 0 0 0 0 0 1 0 0 0 
0 0 0 0 0 0 0 0 0 0 0 0 1 0 0 0 


Here
0 2 5
2 0 5
0 1 6
0 6 5 4 5 0 0 0 1 0 0 0 1 1 1 1 
0 5 4 3 4 0 0 0 1 0 0 0 0 0 0 0 
5 4 3 2 3 0 0 0 1 0 0 0 0 0 0 0 
0 5 4 3 4 0 0 0 1 0 0 0 0 0 0 0 
0 0 0 1 1 1 1 0 0 0 0 0 1 0 0 0 
0 0 0 0 0 0 0 0 0 0 0 0 1 0 0 0 
0 0 0 0 0 0 0 0 0 0 0 0 1 0 0 0 
0 0 0 0 0 0 0 0 0 0 0 0 1 0 0 0 


Here
2 0 5
1 0 6
3 0 6
0 6 5 4 5 0 0 0 1 0 0 0 1 1 1 1 
6 5 4 3 4 0 0 0 1 0 0 0 0 0 0 0 
5 4 3 2 3 0 0 0 1 0 0 0 0 0 0 0 
6 5 4 3 4 0 0 0 1 0 0 0 0 0 0 0 
0 0 0 1 1 1 1 0 0 0 0 0 1 0 0 0 
0 0 0 0 0 0 0 0 0 0 0 0 1 0 0 0 
0 0 0 0 0 0 0 0 0 0 0 0 1 0 0 0 
0 0 0 0 0 0 0 0 0 0 0 0 1 0 0 0 


Here
1 0 6
0 0 7
7 6 5 4 5 0 0 0 1 0 0 0 1 1 1 1 
6 5 4 3 4 0 0 0 1 0 0 0 0 0 0 0 
5 4 3 2 3 0 0 0 1 0 0 0 0 0 0 0 
6 5 4 3 4 0 0 0 1 0 0 0 0 0 0 0 
0 0 0 1 1 1 1 0 0 0 0 0 1 0 0 0 
0 0 0 0 0 0 0 0 0 0 0 0 1 0 0 0 
0 0 0 0 0 0 0 0 0 0 0 0 1 0 0 0 
0 0 0 0 0 0 0 0 0 0 0 0 1 0 0 0 


Here
7 6 5 4 5 0 0 0 1 0 0 0 1 1 1 1 
6 5 4 3 4 0 0 0 1 0 0 0 0 0 0 0 
5 4 3 2 3 0 0 0 1 0 0 0 0 0 0 0 
6 5 4 3 4 0 0 0 1 0 0 0 0 0 0 0 
0 0 0 1 1 1 1 0 0 0 0 0 1 0 0 0 
0 0 0 0 0 0 0 0 0 0 0 0 1 0 0 0 
0 0 0 0 0 0 0 0 0 0 0 0 1 0 0 0 
0 0 0 0 0 0 0 0 0 0 0 0 1 0 0 0 


Here
7 6 5 4 5 0 0 0 1 0 0 0 1 1 1 1 
6 5 4 3 4 0 0 0 1 0 0 0 0 0 0 0 
5 4 3 2 3 0 0 0 1 0 0 0 0 0 0 0 
6 5 4 3 4 0 0 0 1 0 0 0 0 0 0 0 
0 0 0 1 1 1 1 0 0 0 0 0 1 0 0 0 
0 0 0 0 0 0 0 0 0 0 0 0 1 0 0 0 
0 0 0 0 0 0 0 0 0 0 0 0 1 0 0 0 
0 0 0 0 0 0 0 0 0 0 0 0 1 0 0 0 


Here
7 6 5 4 5 0 0 0 1 0 0 0 1 1 1 1 
6 5 4 3 4 0 0 0 1 0 0 0 0 0 0 0 
5 4 3 2 3 0 0 0 1 0 0 0 0 0 0 0 
6 5 4 3 4 0 0 0 1 0 0 0 0 0 0 0 
0 0 0 1 1 1 1 0 0 0 0 0 1 0 0 0 
0 0 0 0 0 0 0 0 0 0 0 0 1 0 0 0 
0 0 0 0 0 0 0 0 0 0 0 0 1 0 0 0 
0 0 0 0 0 0 0 0 0 0 0 0 1 0 0 0 


Here
7 6 5 4 5 0 0 0 1 0 0 0 1 1 1 1 
6 5 4 3 4 0 0 0 1 0 0 0 0 0 0 0 
5 4 3 2 3 0 0 0 1 0 0 0 0 0 0 0 
6 5 4 3 4 0 0 0 1 0 0 0 0 0 0 0 
0 0 0 1 1 1 1 0 0 0 0 0 1 0 0 0 
0 0 0 0 0 0 0 0 0 0 0 0 1 0 0 0 
0 0 0 0 0 0 0 0 0 0 0 0 1 0 0 0 
0 0 0 0 0 0 0 0 0 0 0 0 1 0 0 0 


Here
7 6 5 4 5 0 0 0 1 0 0 0 1 1 1 1 
6 5 4 3 4 0 0 0 1 0 0 0 0 0 0 0 
5 4 3 2 3 0 0 0 1 0 0 0 0 0 0 0 
6 5 4 3 4 0 0 0 1 0 0 0 0 0 0 0 
0 0 0 1 1 1 1 0 0 0 0 0 1 0 0 0 
0 0 0 0 0 0 0 0 0 0 0 0 1 0 0 0 
0 0 0 0 0 0 0 0 0 0 0 0 1 0 0 0 
0 0 0 0 0 0 0 0 0 0 0 0 1 0 0 0 


Here
7 6 5 4 5 0 0 0 1 0 0 0 1 1 1 1 
6 5 4 3 4 0 0 0 1 0 0 0 0 0 0 0 
5 4 3 2 3 0 0 0 1 0 0 0 0 0 0 0 
6 5 4 3 4 0 0 0 1 0 0 0 0 0 0 0 
0 0 0 1 1 1 1 0 0 0 0 0 1 0 0 0 
0 0 0 0 0 0 0 0 0 0 0 0 1 0 0 0 
0 0 0 0 0 0 0 0 0 0 0 0 1 0 0 0 
0 0 0 0 0 0 0 0 0 0 0 0 1 0 0 0 


Here
7 6 5 4 5 0 0 0 1 0 0 0 1 1 1 1 
6 5 4 3 4 0 0 0 1 0 0 0 0 0 0 0 
5 4 3 2 3 0 0 0 1 0 0 0 0 0 0 0 
6 5 4 3 4 0 0 0 1 0 0 0 0 0 0 0 
0 0 0 1 1 1 1 0 0 0 0 0 1 0 0 0 
0 0 0 0 0 0 0 0 0 0 0 0 1 0 0 0 
0 0 0 0 0 0 0 0 0 0 0 0 1 0 0 0 
0 0 0 0 0 0 0 0 0 0 0 0 1 0 0 0 


Here
7 6 5 4 5 0 0 0 1 0 0 0 1 1 1 1 
6 5 4 3 4 0 0 0 1 0 0 0 0 0 0 0 
5 4 3 2 3 0 0 0 1 0 0 0 0 0 0 0 
6 5 4 3 4 0 0 0 1 0 0 0 0 0 0 0 
0 0 0 1 1 1 1 0 0 0 0 0 1 0 0 0 
0 0 0 0 0 0 0 0 0 0 0 0 1 0 0 0 
0 0 0 0 0 0 0 0 0 0 0 0 1 0 0 0 
0 0 0 0 0 0 0 0 0 0 0 0 1 0 0 0 


Here
7 6 5 4 5 0 0 0 1 0 0 0 1 1 1 1 
6 5 4 3 4 0 0 0 1 0 0 0 0 0 0 0 
5 4 3 2 3 0 0 0 1 0 0 0 0 0 0 0 
6 5 4 3 4 0 0 0 1 0 0 0 -103 0 0 0 
0 0 0 1 1 1 1 0 0 0 0 0 1 -103 0 0 
0 0 0 0 0 0 0 0 0 0 0 0 1 0 0 0 
0 0 0 0 0 0 0 0 0 0 0 0 1 0 0 0 
0 0 0 0 0 0 0 0 0 0 0 0 1 0 0 0 


Here
7 6 5 4 5 0 0 0 1 0 0 0 1 1 1 1 
6 5 4 3 4 0 0 0 1 0 0 0 0 0 0 0 
5 4 3 2 3 0 0 0 1 0 0 0 0 0 0 0 
6 5 4 3 4 0 0 0 1 0 0 0 -103 0 0 0 
0 0 0 1 1 1 1 5 0 5 0 0 1 -103 0 0 
0 0 0 0 0 0 0 0 5 0 0 0 1 0 0 0 
0 0 0 0 0 0 0 0 0 0 0 0 1 0 0 0 
0 0 0 0 0 0 0 0 0 0 0 0 1 0 0 0 


Here
7 6 5 4 5 0 0 0 1 0 0 0 1 1 1 1 
6 5 4 3 4 0 0 0 1 0 0 0 0 0 0 0 
5 4 3 2 3 0 0 0 1 0 0 0 0 0 0 0 
6 5 4 3 4 0 0 0 1 0 0 0 -103 0 0 0 
0 0 0 1 1 1 1 5 0 5 0 0 1 -103 0 0 
0 0 0 0 0 0 0 0 5 0 0 0 1 0 0 0 
0 0 0 0 0 0 0 0 0 0 0 0 1 0 0 0 
0 0 0 0 0 0 0 0 0 0 0 0 1 0 0 0 


Here
7 6 5 4 5 0 0 0 1 0 0 0 1 1 1 1 
6 5 4 3 4 0 0 0 1 0 0 0 0 0 0 0 
5 4 3 2 3 0 0 0 1 0 0 0 0 0 0 0 
6 5 4 3 4 0 0 0 1 0 0 0 -103 0 0 0 
0 0 0 1 1 1 1 5 0 5 0 0 1 -103 0 0 
0 0 0 0 0 0 0 0 5 0 0 0 1 0 0 0 
0 0 0 0 0 0 0 0 0 0 0 0 1 0 0 0 
0 0 0 0 0 0 0 0 0 0 0 0 1 0 0 0 


Here
7 6 5 4 5 0 0 0 1 -70 0 0 1 1 1 1 
6 5 4 3 4 0 0 0 1 0 0 0 0 0 0 0 
5 4 3 2 3 0 0 0 1 0 0 0 0 0 0 0 
6 5 4 3 4 0 0 0 1 0 0 0 -103 0 0 0 
0 0 0 1 1 1 1 5 0 5 0 0 1 -103 0 0 
0 0 0 0 0 0 0 0 5 0 0 0 1 0 0 0 
0 0 0 0 0 0 0 0 0 0 0 0 1 0 0 0 
0 0 0 0 0 0 0 0 0 0 0 0 1 0 0 0 


Here
7 6 5 4 5 0 0 0 1 -70 0 0 1 1 1 1 
6 5 4 3 4 0 0 0 1 0 0 0 0 0 0 0 
5 4 3 2 3 0 0 0 1 0 0 0 0 0 0 0 
6 5 4 3 4 0 0 0 1 0 0 0 -103 0 0 0 
0 0 0 1 1 1 1 5 0 5 0 0 1 -103 0 0 
0 0 0 0 0 0 0 0 5 0 0 0 1 0 0 0 
0 0 0 0 0 0 0 0 0 0 0 0 1 0 0 0 
0 0 0 0 0 0 0 0 0 0 0 0 1 0 0 0 


Here
7 6 5 4 5 0 0 0 1 -70 0 0 1 1 1 1 
6 5 4 3 4 0 0 0 1 0 0 0 0 0 0 0 
5 4 3 2 3 0 0 0 1 0 0 0 0 0 0 0 
6 5 4 3 4 0 0 0 1 0 0 0 -103 0 0 0 
0 0 0 1 1 1 1 5 0 5 0 0 1 -103 0 0 
0 0 0 0 0 0 0 0 5 0 0 0 1 0 0 0 
0 0 0 0 0 0 0 0 0 0 0 0 1 0 0 0 
0 0 0 0 0 0 0 0 0 0 0 0 1 0 0 0 


Here
7 6 5 4 5 0 0 0 1 -70 0 0 1 1 1 1 
6 5 4 3 4 0 0 0 1 0 0 0 0 0 0 0 
5 4 3 2 3 0 0 0 1 0 0 0 0 0 0 0 
6 5 4 3 4 0 0 0 1 0 0 0 -103 0 0 0 
0 0 0 1 1 1 1 5 0 5 0 0 1 -103 0 0 
0 0 0 0 0 0 0 0 5 0 0 0 1 0 0 0 
0 0 0 0 0 0 0 0 0 0 0 0 1 0 0 0 
0 0 0 0 0 0 0 0 0 0 0 0 1 0 0 0 


Here
7 6 5 4 5 0 0 0 1 -70 0 0 1 1 1 1 
6 5 4 3 4 0 0 0 1 0 0 0 0 0 0 0 
5 4 3 2 3 0 0 0 1 0 0 0 0 0 0 0 
6 5 4 3 4 0 0 0 1 0 0 0 -103 0 0 0 
0 0 0 1 1 1 1 5 0 5 0 0 1 -103 0 0 
0 0 0 0 0 0 0 0 5 0 0 0 1 0 0 0 
0 0 0 0 0 0 0 0 0 0 0 0 1 0 0 0 
0 0 0 0 0 0 0 0 0 0 0 0 1 0 0 0 


Here
7 6 5 4 5 0 0 0 1 -70 0 0 1 1 1 1 
6 5 4 3 4 0 0 0 1 0 0 0 0 0 0 0 
5 4 3 2 3 0 0 0 1 0 0 0 0 0 0 0 
6 5 4 3 4 0 0 0 1 0 0 0 -103 0 0 0 
0 0 0 1 1 1 1 5 0 5 0 0 1 -103 0 0 
0 0 0 0 0 0 0 0 5 0 0 0 1 0 0 0 
0 0 0 0 0 0 0 0 0 0 0 0 1 0 0 0 
0 0 0 0 0 0 0 0 0 0 0 0 1 0 0 0 


Here
7 6 5 4 5 0 0 0 1 -70 0 0 1 1 1 1 
6 5 4 3 4 0 0 0 1 0 0 0 0 0 0 0 
5 4 3 2 3 0 0 0 1 0 0 0 0 0 0 0 
6 5 4 3 4 0 0 0 1 0 0 0 -103 0 0 0 
0 0 0 1 1 1 1 5 0 5 0 0 1 -103 0 0 
0 0 0 0 0 0 0 0 5 0 0 0 1 0 0 0 
0 0 0 0 0 0 0 0 0 0 0 0 1 0 0 0 
0 0 0 0 0 0 0 0 0 0 0 0 1 0 0 0 


Here
7 6 5 4 5 0 0 0 1 -70 0 0 1 1 1 1 
6 5 4 3 4 0 0 0 1 0 0 0 0 0 0 0 
5 4 3 2 3 0 0 0 1 0 0 0 0 0 0 0 
6 5 4 3 4 0 0 0 1 0 0 0 -103 0 0 0 
0 0 0 1 1 1 1 5 0 5 0 0 1 -103 0 0 
0 0 0 0 0 0 0 0 5 0 0 0 1 0 0 0 
0 0 0 0 0 0 0 0 0 0 0 0 1 0 0 0 
0 0 0 0 0 0 0 0 0 0 0 0 1 0 0 0 


Here
7 6 5 4 5 0 0 0 1 -70 0 0 1 1 1 1 
6 5 4 3 4 0 0 0 1 0 0 0 0 0 0 0 
5 4 3 2 3 0 0 0 1 0 0 0 0 0 0 0 
6 5 4 3 4 0 0 0 1 0 0 0 -103 0 0 0 
0 0 0 1 1 1 1 5 0 5 0 0 1 -103 0 0 
0 0 0 0 0 0 0 0 5 0 0 0 1 0 0 0 
0 0 0 0 0 0 0 0 0 0 0 0 1 0 0 0 
0 0 0 0 116 0 0 0 0 0 0 0 1 0 0 0 


Here
7 6 5 4 5 0 0 0 1 -70 0 0 1 1 1 1 
6 5 4 3 4 0 0 0 1 0 0 0 0 0 0 0 
5 4 3 2 3 0 0 0 1 0 0 0 0 0 0 0 
6 5 4 3 4 0 0 0 1 0 0 0 -103 0 0 0 
0 0 0 1 1 1 1 5 0 5 0 0 1 -103 0 0 
0 0 0 0 0 0 0 0 5 0 0 0 1 0 0 0 
0 0 0 0 0 0 0 0 0 0 0 0 1 0 0 0 
0 0 0 0 116 0 0 0 0 0 0 0 1 0 0 0 


Here
2 3 2
1 3 3
2 2 3
3 3 3
0 3 4
1 2 4
2 1 4
0 0 -106
3 12 -103
0 0 -63
0 0 9
0 0 9
0 0 121
0 0 0
0 0 5
0 0 -11
7 6 5 4 5 0 0 0 1 -70 0 0 1 1 1 1 
6 5 4 3 4 0 0 0 1 0 0 0 0 0 0 0 
5 4 3 2 3 0 0 0 1 0 0 0 0 0 0 0 
6 5 4 3 4 0 0 0 1 0 0 0 -103 0 0 0 
0 0 0 1 1 1 1 5 0 5 0 0 1 -103 0 0 
0 0 0 0 0 0 0 0 5 0 0 0 1 0 0 0 
0 0 0 0 0 0 0 0 0 0 0 0 1 0 0 0 
0 0 0 0 116 0 0 0 0 0 0 0 1 0 0 0 


Here
1 3 3
2 2 3
3 3 3
0 3 4
1 2 4
2 1 4
0 0 -106
3 12 -103
0 0 -63
0 0 9
0 0 9
0 0 121
0 0 0
0 0 5
7 6 5 4 5 0 0 0 1 -70 0 0 1 1 1 1 
6 5 4 3 4 0 0 0 1 0 0 0 0 0 0 0 
5 4 3 2 3 0 0 0 1 0 0 0 0 0 0 0 
6 5 4 3 4 0 0 0 1 0 0 0 -103 0 0 0 
0 0 0 1 1 1 1 5 0 5 0 0 1 -103 0 0 
0 0 0 0 0 0 0 0 5 0 0 0 1 0 0 0 
0 0 0 0 0 0 0 0 0 0 0 0 1 0 0 0 
0 0 0 0 116 0 0 0 0 0 0 0 1 0 0 0 


Here
2 2 3
3 3 3
0 3 4
1 2 4
2 1 4
0 0 -106
3 12 -103
0 0 -63
0 0 9
0 0 9
0 0 121
0 0 0
7 6 5 4 5 0 0 0 1 -70 0 0 1 1 1 1 
6 5 4 3 4 0 0 0 1 0 0 0 0 0 0 0 
5 4 3 2 3 0 0 0 1 0 0 0 0 0 0 0 
6 5 4 3 4 0 0 0 1 0 0 0 -103 0 0 0 
0 0 0 1 1 1 1 5 0 5 0 0 1 -103 0 0 
0 0 0 0 0 0 0 0 5 0 0 0 1 0 0 0 
0 0 0 0 0 0 0 0 0 0 0 0 1 0 0 0 
0 0 0 0 116 0 0 0 0 0 0 0 1 0 0 0 


Here
3 3 3
0 3 4
1 2 4
2 1 4
0 0 -106
3 12 -103
0 0 -63
0 0 9
0 0 9
0 0 121
7 6 5 4 5 0 0 0 1 -70 0 0 1 1 1 1 
6 5 4 3 4 0 0 0 1 0 0 0 0 0 0 0 
5 4 3 2 3 0 0 0 1 0 0 0 0 0 0 0 
6 5 4 3 4 0 0 0 1 0 0 0 -103 0 0 0 
0 0 0 1 1 1 1 5 0 5 0 0 1 -103 0 0 
0 0 0 0 0 0 0 0 5 0 0 0 1 0 0 0 
0 0 0 0 0 0 0 0 0 0 0 0 1 0 0 0 
0 0 0 0 116 0 0 0 0 0 0 0 1 0 0 0 


Here
0 3 4
1 2 4
2 1 4
0 0 -106
3 12 -103
0 0 -63
0 0 9
0 0 9
7 6 5 4 5 0 0 0 1 -70 0 0 1 1 1 1 
6 5 4 3 4 0 0 0 1 0 0 0 0 0 0 0 
5 4 3 2 3 0 0 0 1 0 0 0 0 0 0 0 
6 5 4 3 4 0 0 0 1 0 0 0 -103 0 0 0 
0 0 0 1 1 1 1 5 0 5 0 0 1 -103 0 0 
0 0 0 0 0 0 0 0 5 0 0 0 1 0 0 0 
0 0 0 0 0 0 0 0 0 0 0 0 1 0 0 0 
0 0 0 0 116 0 0 0 0 0 0 0 1 0 0 0 


Here
1 2 4
2 1 4
0 0 -106
3 12 -103
0 0 -63
0 0 9
7 6 5 4 5 0 0 0 1 -70 0 0 1 1 1 1 
6 5 4 3 4 0 0 0 1 0 0 0 0 0 0 0 
5 4 3 2 3 0 0 0 1 0 0 0 0 0 0 0 
6 5 4 3 4 0 0 0 1 0 0 0 -103 0 0 0 
0 0 0 1 1 1 1 5 0 5 0 0 1 -103 0 0 
0 0 0 0 0 0 0 0 5 0 0 0 1 0 0 0 
0 0 0 0 0 0 0 0 0 0 0 0 1 0 0 0 
0 0 0 0 116 0 0 0 0 0 0 0 1 0 0 0 


Here
2 1 4
0 0 -106
3 12 -103
0 0 -63
7 6 5 4 5 0 0 0 1 -70 0 0 1 1 1 1 
6 5 4 3 4 0 0 0 1 0 0 0 0 0 0 0 
5 4 3 2 3 0 0 0 1 0 0 0 0 0 0 0 
6 5 4 3 4 0 0 0 1 0 0 0 -103 0 0 0 
0 0 0 1 1 1 1 5 0 5 0 0 1 -103 0 0 
0 0 0 0 0 0 0 0 5 0 0 0 1 0 0 0 
0 0 0 0 0 0 0 0 0 0 0 0 1 0 0 0 
0 0 0 0 116 0 0 0 0 0 0 0 1 0 0 0 


Here
0 0 -106
3 12 -103
7 6 5 4 5 0 0 0 1 -70 0 0 1 1 1 1 
6 5 4 3 4 0 0 0 1 0 0 0 0 0 0 0 
5 4 3 2 3 0 0 0 1 0 0 0 0 0 0 0 
6 5 4 3 4 0 0 0 1 0 0 0 -103 0 0 0 
0 0 0 1 1 1 1 5 0 5 0 0 1 -103 0 0 
0 0 0 0 0 0 0 0 5 0 0 0 1 0 0 0 
0 0 0 0 0 0 0 0 0 0 0 0 1 0 0 0 
0 0 0 0 116 0 0 0 0 0 0 0 1 0 0 0 


Here
2 12 -102
2 11 -101
2 13 -101
7 6 5 4 5 0 0 0 1 -70 0 0 1 1 1 1 
6 5 4 3 4 0 0 0 1 0 0 0 0 0 0 0 
5 4 3 2 3 0 0 0 1 0 0 -101 -102 -101 0 0 
6 5 4 3 4 0 0 0 1 0 0 0 -103 0 0 0 
0 0 0 1 1 1 1 5 0 5 0 0 1 -103 0 0 
0 0 0 0 0 0 0 0 5 0 0 0 1 0 0 0 
0 0 0 0 0 0 0 0 0 0 0 0 1 0 0 0 
0 0 0 0 116 0 0 0 0 0 0 0 1 0 0 0 


Here
2 11 -101
1 11 -100
2 10 -100
3 11 -100
7 6 5 4 5 0 0 0 1 -70 0 0 1 1 1 1 
6 5 4 3 4 0 0 0 1 0 0 -100 0 0 0 0 
5 4 3 2 3 0 0 0 1 0 -100 -101 -102 -101 0 0 
6 5 4 3 4 0 0 0 1 0 0 -100 -103 0 0 0 
0 0 0 1 1 1 1 5 0 5 0 0 1 -103 0 0 
0 0 0 0 0 0 0 0 5 0 0 0 1 0 0 0 
0 0 0 0 0 0 0 0 0 0 0 0 1 0 0 0 
0 0 0 0 116 0 0 0 0 0 0 0 1 0 0 0 


Here
1 11 -100
2 10 -100
0 11 -99
1 10 -99
1 12 -99
7 6 5 4 5 0 0 0 1 -70 0 -99 1 1 1 1 
6 5 4 3 4 0 0 0 1 0 -99 -100 -99 0 0 0 
5 4 3 2 3 0 0 0 1 0 -100 -101 -102 -101 0 0 
6 5 4 3 4 0 0 0 1 0 0 -100 -103 0 0 0 
0 0 0 1 1 1 1 5 0 5 0 0 1 -103 0 0 
0 0 0 0 0 0 0 0 5 0 0 0 1 0 0 0 
0 0 0 0 0 0 0 0 0 0 0 0 1 0 0 0 
0 0 0 0 116 0 0 0 0 0 0 0 1 0 0 0 


Here
2 10 -100
0 11 -99
1 10 -99
2 9 -99
3 10 -99
7 6 5 4 5 0 0 0 1 -70 0 -99 1 1 1 1 
6 5 4 3 4 0 0 0 1 0 -99 -100 -99 0 0 0 
5 4 3 2 3 0 0 0 1 -99 -100 -101 -102 -101 0 0 
6 5 4 3 4 0 0 0 1 0 -99 -100 -103 0 0 0 
0 0 0 1 1 1 1 5 0 5 0 0 1 -103 0 0 
0 0 0 0 0 0 0 0 5 0 0 0 1 0 0 0 
0 0 0 0 0 0 0 0 0 0 0 0 1 0 0 0 
0 0 0 0 116 0 0 0 0 0 0 0 1 0 0 0 


Here
0 11 -99
1 10 -99
2 9 -99
0 10 -98
7 6 5 4 5 0 0 0 1 -70 -98 -99 1 1 1 1 
6 5 4 3 4 0 0 0 1 0 -99 -100 -99 0 0 0 
5 4 3 2 3 0 0 0 1 -99 -100 -101 -102 -101 0 0 
6 5 4 3 4 0 0 0 1 0 -99 -100 -103 0 0 0 
0 0 0 1 1 1 1 5 0 5 0 0 1 -103 0 0 
0 0 0 0 0 0 0 0 5 0 0 0 1 0 0 0 
0 0 0 0 0 0 0 0 0 0 0 0 1 0 0 0 
0 0 0 0 116 0 0 0 0 0 0 0 1 0 0 0 


Here
1 10 -99
2 9 -99
1 9 -98
7 6 5 4 5 0 0 0 1 -70 -98 -99 1 1 1 1 
6 5 4 3 4 0 0 0 1 -98 -99 -100 -99 0 0 0 
5 4 3 2 3 0 0 0 1 -99 -100 -101 -102 -101 0 0 
6 5 4 3 4 0 0 0 1 0 -99 -100 -103 0 0 0 
0 0 0 1 1 1 1 5 0 5 0 0 1 -103 0 0 
0 0 0 0 0 0 0 0 5 0 0 0 1 0 0 0 
0 0 0 0 0 0 0 0 0 0 0 0 1 0 0 0 
0 0 0 0 116 0 0 0 0 0 0 0 1 0 0 0 


Here
2 9 -99
3 9 -98
7 6 5 4 5 0 0 0 1 -70 -98 -99 1 1 1 1 
6 5 4 3 4 0 0 0 1 -98 -99 -100 -99 0 0 0 
5 4 3 2 3 0 0 0 1 -99 -100 -101 -102 -101 0 0 
6 5 4 3 4 0 0 0 1 -98 -99 -100 -103 0 0 0 
0 0 0 1 1 1 1 5 0 5 0 0 1 -103 0 0 
0 0 0 0 0 0 0 0 5 0 0 0 1 0 0 0 
0 0 0 0 0 0 0 0 0 0 0 0 1 0 0 0 
0 0 0 0 116 0 0 0 0 0 0 0 1 0 0 0 


Here
7 6 5 4 5 0 0 0 1 -70 -98 -99 1 1 1 1 
6 5 4 3 4 0 0 0 1 -98 -99 -100 -99 0 0 0 
5 4 3 2 3 0 0 0 1 -99 -100 -101 -102 -101 0 0 
6 5 4 3 4 0 0 0 1 -98 -99 -100 -103 0 0 0 
0 0 0 1 1 1 1 5 0 5 0 0 1 -103 0 0 
0 0 0 0 0 0 0 0 5 0 0 0 1 0 0 0 
0 0 0 0 0 0 0 0 0 0 0 0 1 0 0 0 
0 0 0 0 116 0 0 0 0 0 0 0 1 0 0 0 


Here
7 6 5 4 5 0 0 0 1 -70 -98 -99 1 1 1 1 
6 5 4 3 4 0 0 0 1 -98 -99 -100 -99 0 0 0 
5 4 3 2 3 0 0 0 1 -99 -100 -101 -102 -101 0 0 
6 5 4 3 4 0 0 0 1 -98 -99 -100 -103 0 0 0 
0 0 0 1 1 1 1 5 0 5 0 0 1 -103 0 0 
0 0 0 0 0 0 0 0 5 0 0 0 1 0 0 0 
0 0 0 0 0 0 0 0 0 0 0 0 1 0 0 0 
0 0 0 0 116 0 0 0 0 0 0 0 1 0 0 0 


Here
7 6 5 4 5 0 0 0 1 -70 -98 -99 1 1 1 1 
6 5 4 3 4 0 0 0 1 -98 -99 -100 -99 0 0 0 
5 4 3 2 3 0 0 0 1 -99 -100 -101 -102 -101 0 0 
6 5 4 3 4 0 0 0 1 -98 -99 -100 -103 0 0 0 
0 0 0 1 1 1 1 5 0 5 0 0 1 -103 0 0 
0 0 0 0 0 0 0 0 5 0 0 0 1 0 0 0 
0 0 0 0 0 0 0 0 0 0 0 0 1 0 0 0 
0 0 0 0 116 0 0 0 0 0 0 0 1 0 0 0 


Here
7 6 5 4 5 0 0 0 1 -70 -98 -99 1 1 1 1 
6 5 4 3 4 0 0 0 1 -98 -99 -100 -99 0 0 0 
5 4 3 2 3 0 0 0 1 -99 -100 -101 -102 -101 0 0 
6 5 4 3 4 0 0 0 1 -98 -99 -100 -103 0 0 0 
0 0 0 1 1 1 1 5 0 5 0 0 1 -103 0 0 
0 0 0 0 0 0 0 0 5 0 0 0 1 0 0 0 
0 0 0 0 0 0 0 0 0 0 0 0 1 0 0 0 
0 0 0 0 116 0 0 0 0 0 0 0 1 0 0 0 


Here
7 6 5 4 5 0 0 0 1 -70 -98 -99 1 1 1 1 
6 5 4 3 4 0 0 0 1 -98 -99 -100 -99 0 0 0 
5 4 3 2 3 0 0 0 1 -99 -100 -101 -102 -101 0 0 
6 5 4 3 4 0 0 0 1 -98 -99 -100 -103 0 0 0 
0 0 0 1 1 1 1 5 0 5 0 0 1 -103 0 0 
0 0 0 0 0 0 0 0 5 0 0 0 1 0 0 0 
0 0 0 0 0 0 0 0 0 0 0 0 1 0 0 0 
0 0 0 0 116 0 0 0 0 0 0 0 1 0 0 0 


Here
7 6 5 4 5 0 0 0 1 -70 -98 -99 1 1 1 1 
6 5 4 3 4 0 0 0 1 -98 -99 -100 -99 0 0 0 
5 4 3 2 3 0 0 0 1 -99 -100 -101 -102 -101 0 0 
6 5 4 3 4 0 0 0 1 -98 -99 -100 -103 0 0 0 
0 0 0 1 1 1 1 5 0 5 0 0 1 -103 0 0 
0 0 0 0 0 0 0 0 5 0 0 0 1 0 0 0 
0 0 0 0 0 0 0 0 0 0 0 0 1 0 0 0 
0 0 0 0 116 0 0 0 0 0 0 0 1 0 0 0 


Here
7 6 5 4 5 0 0 0 1 -70 -98 -99 1 1 1 1 
6 5 4 3 4 0 0 0 1 -98 -99 -100 -99 0 0 0 
5 4 3 2 3 0 0 0 1 -99 -100 -101 -102 -101 0 0 
6 5 4 3 4 0 0 0 1 -98 -99 -100 -103 0 0 0 
0 0 0 1 1 1 1 5 0 5 0 0 1 -103 0 0 
0 0 0 0 0 0 0 0 5 0 0 0 1 0 0 0 
0 0 0 0 0 0 0 0 0 0 0 0 1 0 0 0 
0 0 0 0 116 0 0 0 0 0 0 0 1 0 0 0 


Here
7 6 5 4 5 0 0 0 1 -70 -98 -99 1 1 1 1 
6 5 4 3 4 0 0 0 1 -98 -99 -100 -99 0 0 0 
5 4 3 2 3 0 0 0 1 -99 -100 -101 -102 -101 0 0 
6 5 4 3 4 0 0 0 1 -98 -99 -100 -103 0 0 0 
0 0 0 1 1 1 1 5 0 5 0 0 1 -103 0 0 
0 0 0 0 0 0 0 0 5 0 0 0 1 0 0 0 
0 0 0 0 0 0 0 0 0 0 0 0 1 0 0 0 
0 0 0 0 116 0 0 0 0 0 0 0 1 0 0 0 


Here
7 6 5 4 5 0 0 0 1 -70 -98 -99 1 1 1 1 
6 5 4 3 4 0 0 0 1 -98 -99 -100 -99 0 0 0 
5 4 3 2 3 0 0 0 1 -99 -100 -101 -102 -101 0 0 
6 5 4 3 4 0 0 0 1 -98 -99 -100 -103 0 0 0 
0 0 0 1 1 1 1 5 0 5 0 0 1 -103 0 0 
0 0 0 0 0 0 0 0 5 0 0 0 1 0 0 0 
0 0 0 0 0 0 0 0 0 0 0 0 1 0 0 0 
0 0 0 0 116 0 0 0 0 0 0 0 1 0 0 0 


Here
7 6 5 4 5 0 0 0 1 -70 -98 -99 1 1 1 1 
6 5 4 3 4 0 0 0 1 -98 -99 -100 -99 0 0 0 
5 4 3 2 3 0 0 0 1 -99 -100 -101 -102 -101 0 0 
6 5 4 3 4 0 0 0 1 -98 -99 -100 -103 0 0 0 
0 0 0 1 1 1 1 5 0 5 0 0 1 -103 0 0 
0 0 0 0 0 0 0 0 5 0 0 0 1 0 0 0 
0 0 0 0 0 0 0 0 0 0 0 0 1 0 0 0 
0 0 0 0 116 0 0 0 0 0 0 0 1 0 0 0 


Here
7 6 5 4 5 0 0 0 1 -70 -98 -99 1 1 1 1 
6 5 4 3 4 0 0 0 1 -98 -99 -100 -99 0 0 0 
5 4 3 2 3 0 0 0 1 -99 -100 -101 -102 -101 0 0 
6 5 4 3 4 0 0 0 1 -98 -99 -100 -103 0 0 0 
0 0 0 1 1 1 1 5 0 5 0 0 1 -103 0 0 
0 0 0 0 0 0 0 0 5 0 0 0 1 0 0 0 
0 0 0 0 0 0 0 0 0 0 0 0 1 0 0 0 
0 0 0 0 116 0 0 0 0 0 0 0 1 0 0 0 


Here
7 6 5 4 5 0 0 0 1 -70 -98 -99 1 1 1 1 
6 5 4 3 4 0 0 0 1 -98 -99 -100 -99 0 0 0 
5 4 3 2 3 0 0 0 1 -99 -100 -101 -102 -101 0 0 
6 5 4 3 4 0 0 0 1 -98 -99 -100 -103 0 0 0 
0 0 0 1 1 1 1 5 0 5 0 0 1 -103 0 0 
0 0 0 0 0 0 0 0 5 0 0 0 1 0 0 0 
0 0 0 0 0 0 0 0 0 0 0 0 1 0 0 0 
0 0 0 0 116 0 0 0 0 0 0 0 1 0 0 0 


Here
7 6 5 4 5 0 0 0 1 -70 -98 -99 1 1 1 1 
6 5 4 3 4 0 0 0 1 -98 -99 -100 -99 0 0 0 
5 4 3 2 3 0 0 0 1 -99 -100 -101 -102 -101 0 0 
6 5 4 3 4 0 0 0 1 -98 -99 -100 -103 0 0 0 
0 0 0 1 1 1 1 5 0 5 0 0 1 -103 0 0 
0 0 0 0 0 0 0 0 5 0 0 0 1 0 0 0 
0 0 0 0 0 0 0 0 0 0 0 0 1 0 0 0 
0 0 0 0 116 0 0 0 0 0 0 0 1 0 0 0 


Here
7 6 5 4 5 0 0 0 1 -70 -98 -99 1 1 1 1 
6 5 4 3 4 0 0 0 1 -98 -99 -100 -99 0 0 0 
5 4 3 2 3 0 0 0 1 -99 -100 -101 -102 -101 0 0 
6 5 4 3 4 0 0 0 1 -98 -99 -100 -103 0 0 0 
0 0 0 1 1 1 1 5 0 5 0 0 1 -103 0 0 
0 0 0 0 0 0 0 0 5 0 0 0 1 0 0 0 
0 0 0 0 0 0 0 0 0 0 0 0 1 0 0 0 
0 0 0 0 116 0 0 0 0 0 0 0 1 0 0 0 


Here
7 6 5 4 5 0 0 0 1 -70 -98 -99 1 1 1 1 
6 5 4 3 4 0 0 0 1 -98 -99 -100 -99 0 0 0 
5 4 3 2 3 0 0 0 1 -99 -100 -101 -102 -101 0 0 
6 5 4 3 4 0 0 0 1 -98 -99 -100 -103 0 0 0 
0 0 0 1 1 1 1 5 0 5 0 0 1 -103 0 0 
0 0 0 0 0 0 0 0 5 0 0 0 1 0 0 0 
0 0 0 0 0 0 0 0 0 0 0 0 1 0 0 0 
0 0 0 0 116 0 0 0 0 0 0 0 1 0 0 0 


Here
7 6 5 4 5 0 0 0 1 -70 -98 -99 1 1 1 1 
6 5 4 3 4 0 0 0 1 -98 -99 -100 -99 0 0 0 
5 4 3 2 3 0 0 0 1 -99 -100 -101 -102 -101 0 0 
6 5 4 3 4 0 0 0 1 -98 -99 -100 -103 0 0 0 
0 0 0 1 1 1 1 5 0 5 0 0 1 -103 0 0 
0 0 0 0 0 0 0 0 5 0 0 0 1 0 0 0 
0 0 0 0 0 0 0 0 0 0 0 0 1 0 0 0 
0 0 0 0 116 0 0 0 0 0 0 0 1 0 0 0 


Here
7 6 5 4 5 0 0 0 1 -70 -98 -99 1 1 1 1 
6 5 4 3 4 0 0 0 1 -98 -99 -100 -99 0 0 0 
5 4 3 2 3 0 0 0 1 -99 -100 -101 -102 -101 0 0 
6 5 4 3 4 0 0 0 1 -98 -99 -100 -103 0 0 0 
0 0 0 1 1 1 1 5 0 5 0 0 1 -103 0 0 
0 0 0 0 0 0 0 0 5 0 0 0 1 0 0 0 
0 0 0 0 0 0 0 0 0 0 0 0 1 0 0 0 
0 0 0 0 116 0 0 0 0 0 0 0 1 0 0 0 


Here
2 3 2
1 3 3
7 6 5 4 5 0 0 0 1 -70 -98 -99 1 1 1 1 
6 5 4 3 4 0 0 0 1 -98 -99 -100 -99 0 0 0 
5 4 3 2 3 0 0 0 1 -99 -100 -101 -102 -101 0 0 
6 5 4 3 4 0 0 0 1 -98 -99 -100 -103 0 0 0 
0 0 0 1 1 1 1 5 0 5 0 0 1 -103 0 0 
0 0 0 0 0 0 0 0 5 0 0 0 1 0 0 0 
0 0 0 0 0 0 0 0 0 0 0 0 1 0 0 0 
0 0 0 0 116 0 0 0 0 0 0 0 1 0 0 0 


Here
7 6 5 4 5 0 0 0 1 -70 -98 -99 1 1 1 1 
6 5 4 3 4 0 0 0 1 -98 -99 -100 -99 0 0 0 
5 4 3 2 3 0 0 0 1 -99 -100 -101 -102 -101 0 0 
6 5 4 3 4 0 0 0 1 -98 -99 -100 -103 0 0 0 
0 0 0 1 1 1 1 5 0 5 0 0 1 -103 0 0 
0 0 0 0 0 0 0 0 5 0 0 0 1 0 0 0 
0 0 0 0 0 0 0 0 0 0 0 0 1 0 0 0 
0 0 0 0 116 0 0 0 0 0 0 0 1 0 0 0 


